1.000000 6.724101 3.044784 45.213535 9.270709 20.473435 1.000000
1.000000 1.397231 -1.188923 1.952254 1.413537 -1.661199 1.000000
1.000000 1.545841 1.652383 2.389623 2.730370 2.554321 1.000000
1.000000 -0.464843 -0.186403 0.216079 0.034746 0.086648 1.000000
1.000000 2.875498 -0.991820 8.268488 0.983708 -2.851978 1.000000
1.000000 5.708635 1.986996 32.588515 3.948154 11.343037 1.000000
1.000000 -0.548148 0.069925 0.300466 0.004890 -0.038329 1.000000
1.000000 0.693005 0.320405 0.480256 0.102659 0.222042 1.000000
1.000000 -0.393795 1.516660 0.155075 2.300259 -0.597254 1.000000
1.000000 0.577975 -1.166717 0.334055 1.361228 -0.674333 1.000000
1.000000 -0.237118 1.854537 0.056225 3.439307 -0.439744 1.000000
1.000000 -0.288976 -0.268240 0.083507 0.071953 0.077515 1.000000
1.000000 6.302035 0.907071 39.715646 0.822778 5.716394 1.000000
1.000000 2.797903 1.694221 7.828260 2.870384 4.740265 1.000000
1.000000 1.823077 1.027421 3.323608 1.055594 1.873068 1.000000
1.000000 -1.178278 0.063578 1.388340 0.004042 -0.074913 1.000000
1.000000 4.763477 3.131149 22.690717 9.804096 14.915159 1.000000
1.000000 2.940451 1.477396 8.646251 2.182700 4.344211 1.000000
1.000000 -0.821792 -0.464434 0.675342 0.215699 0.381668 1.000000
1.000000 1.495982 -1.859854 2.237963 3.459058 -2.782309 1.000000
1.000000 -0.325723 -0.464923 0.106095 0.216153 0.151436 1.000000
1.000000 -1.021818 1.048096 1.044112 1.098505 -1.070963 1.000000
1.000000 0.778359 1.211707 0.605842 1.468235 0.943143 1.000000
1.000000 9.265191 -2.677841 85.843760 7.170830 -24.810704 1.000000
1.000000 4.655776 -2.952708 21.676246 8.718486 -13.747147 1.000000
1.000000 3.179108 2.274704 10.106728 5.174277 7.231529 1.000000
1.000000 2.702641 1.314399 7.304269 1.727644 3.552348 1.000000
1.000000 -0.080273 -0.065259 0.006444 0.004259 0.005239 1.000000
1.000000 -0.945038 1.194190 0.893097 1.426089 -1.128555 1.000000
1.000000 0.558821 0.311321 0.312281 0.096921 0.173973 1.000000
1.000000 2.287870 2.119087 5.234351 4.490529 4.848196 1.000000
1.000000 -0.568190 -0.100438 0.322840 0.010088 0.057068 1.000000
1.000000 4.992954 -2.403793 24.929585 5.778221 -12.002027 1.000000
1.000000 1.700054 1.676978 2.890185 2.812255 2.850954 1.000000
1.000000 0.618147 -0.404092 0.382106 0.163290 -0.249788 1.000000
1.000000 0.547744 -0.855679 0.300023 0.732187 -0.468693 1.000000
1.000000 2.226554 -2.602198 4.957542 6.771436 -5.793935 1.000000
1.000000 -1.633809 0.310337 2.669330 0.096309 -0.507032 1.000000
1.000000 0.752864 -1.890710 0.566804 3.574782 -1.423447 1.000000
1.000000 1.994830 0.717081 3.979349 0.514205 1.430454 1.000000
1.000000 -0.287564 -0.381739 0.082693 0.145725 0.109774 1.000000
1.000000 8.972464 3.181050 80.505117 10.119079 28.541857 1.000000
1.000000 -0.253059 -0.184612 0.064039 0.034082 0.046718 1.000000
1.000000 2.188446 -0.107858 4.789294 0.011633 -0.236040 1.000000
1.000000 11.505517 2.825377 132.376924 7.982753 32.507420 1.000000
1.000000 0.642262 1.856415 0.412501 3.446275 1.192305 1.000000
1.000000 0.471019 0.444917 0.221859 0.197951 0.209564 1.000000
1.000000 1.753840 -0.797584 3.075954 0.636140 -1.398835 1.000000
1.000000 -0.095340 0.558176 0.009090 0.311560 -0.053217 1.000000
1.000000 0.723472 -1.571164 0.523412 2.468557 -1.136693 1.000000
1.000000 2.866472 -1.446883 8.216662 2.093470 -4.147449 1.000000
1.000000 4.887517 -1.749700 23.887826 3.061449 -8.551687 1.000000
1.000000 1.310265 -1.923739 1.716794 3.700771 -2.520607 1.000000
1.000000 8.582412 -3.648659 73.657797 13.312714 -31.314297 1.000000
1.000000 0.204448 -1.133613 0.041799 1.285078 -0.231765 1.000000
1.000000 3.321123 1.864513 11.029859 3.476410 6.192278 1.000000
1.000000 1.117920 1.144083 1.249745 1.308926 1.278993 1.000000
1.000000 4.809395 1.785383 23.130279 3.187591 8.586610 1.000000
1.000000 -0.244962 2.485909 0.060007 6.179744 -0.608954 1.000000
1.000000 3.217681 -1.541005 10.353473 2.374696 -4.958462 1.000000
1.000000 -0.813867 0.334881 0.662379 0.112145 -0.272548 1.000000
1.000000 1.146528 -0.008044 1.314527 0.000065 -0.009223 1.000000
1.000000 0.307690 -0.152370 0.094673 0.023217 -0.046883 1.000000
1.000000 2.680171 1.469010 7.183316 2.157991 3.937198 1.000000
1.000000 1.392343 -1.328642 1.938618 1.765289 -1.849925 1.000000
1.000000 2.075217 1.408974 4.306526 1.985206 2.923926 1.000000
1.000000 4.308265 1.356903 18.561149 1.841185 5.845896 1.000000
1.000000 7.059734 -1.242808 49.839842 1.544572 -8.773895 1.000000
1.000000 0.794094 -1.074572 0.630585 1.154705 -0.853311 1.000000
1.000000 0.763566 0.686051 0.583033 0.470666 0.523845 1.000000
1.000000 0.033220 0.021489 0.001104 0.000462 0.000714 1.000000
1.000000 0.082402 0.213795 0.006790 0.045708 0.017617 1.000000
1.000000 5.327949 1.836383 28.387037 3.372303 9.784156 1.000000
1.000000 2.405243 -2.071816 5.785195 4.292423 -4.983222 1.000000
1.000000 3.236486 1.442628 10.474842 2.081176 4.669046 1.000000
1.000000 -0.111919 -0.447171 0.012526 0.199962 0.050047 1.000000
1.000000 0.794646 -1.734139 0.631462 3.007239 -1.378026 1.000000
1.000000 0.253031 0.564897 0.064025 0.319109 0.142936 1.000000
1.000000 6.064237 2.927433 36.774971 8.569866 17.752650 1.000000
1.000000 -0.943408 -1.473073 0.890018 2.169944 1.389708 1.000000
1.000000 1.753009 -1.431153 3.073042 2.048200 -2.508825 1.000000
1.000000 0.637844 1.544752 0.406845 2.386258 0.985311 1.000000
1.000000 2.197839 1.451916 4.830496 2.108061 3.191078 1.000000
1.000000 0.639768 -1.552513 0.409303 2.410297 -0.993248 1.000000
1.000000 0.245421 -0.616414 0.060231 0.379966 -0.151281 1.000000
1.000000 0.202426 0.390127 0.040976 0.152199 0.078972 1.000000
1.000000 -1.630795 0.979191 2.659491 0.958816 -1.596860 1.000000
1.000000 -1.200921 0.502425 1.442212 0.252431 -0.603373 1.000000
1.000000 0.866454 -1.996694 0.750743 3.986785 -1.730043 1.000000
1.000000 5.660476 -1.127486 32.040993 1.271225 -6.382108 1.000000
1.000000 2.255833 1.577691 5.088782 2.489110 3.559008 1.000000
1.000000 0.274968 0.090448 0.075608 0.008181 0.024870 1.000000
1.000000 1.119765 -0.250968 1.253874 0.062985 -0.281025 1.000000
1.000000 2.262868 1.504758 5.120570 2.264295 3.405067 1.000000
1.000000 5.028111 1.584040 25.281899 2.509184 7.964731 1.000000
1.000000 10.466437 -4.312602 109.546300 18.598540 -45.137581 1.000000
1.000000 3.672774 1.860267 13.489267 3.460593 6.832339 1.000000
1.000000 0.640770 1.115922 0.410586 1.245282 0.715050 1.000000
1.000000 0.952239 -0.912531 0.906760 0.832712 -0.868948 1.000000
1.000000 0.584026 -0.221555 0.341086 0.049086 -0.129394 1.000000
1.000000 1.414451 1.562297 2.000673 2.440773 2.209794 1.000000
1.000000 3.470731 2.579162 12.045975 6.652078 8.951579 1.000000
1.000000 5.770543 -2.357936 33.299165 5.559862 -13.606570 1.000000
1.000000 0.051403 0.252300 0.002642 0.063655 0.012969 1.000000
1.000000 3.499831 2.292226 12.248818 5.254299 8.022403 1.000000
1.000000 5.070414 1.521979 25.709094 2.316419 7.717062 1.000000
1.000000 -0.342919 0.126222 0.117593 0.015932 -0.043284 1.000000
1.000000 0.867743 -0.080022 0.752977 0.006403 -0.069438 1.000000
1.000000 11.998056 -3.167118 143.953346 10.030636 -37.999257 1.000000
1.000000 5.765775 -2.814402 33.244165 7.920857 -16.227208 1.000000
1.000000 0.041453 -0.761718 0.001718 0.580214 -0.031575 1.000000
1.000000 1.129076 0.495855 1.274814 0.245872 0.559858 1.000000
1.000000 -0.605295 1.169278 0.366382 1.367212 -0.707758 1.000000
1.000000 1.986843 -0.743702 3.947547 0.553093 -1.477620 1.000000
1.000000 5.531156 -2.733532 30.593691 7.472197 -15.119593 1.000000
1.000000 0.308753 -1.643984 0.095329 2.702682 -0.507585 1.000000
1.000000 -1.497292 -0.223077 2.241884 0.049763 0.334011 1.000000
1.000000 0.820694 0.887408 0.673538 0.787493 0.728290 1.000000
1.000000 1.332465 -0.354467 1.775463 0.125647 -0.472314 1.000000
1.000000 2.961402 0.799940 8.769901 0.639904 2.368943 1.000000
1.000000 2.013537 1.547733 4.054332 2.395477 3.116417 1.000000
1.000000 2.751831 1.454390 7.572575 2.115251 4.002236 1.000000
1.000000 2.017848 -1.056768 4.071709 1.116760 -2.132398 1.000000
1.000000 1.568963 -1.719208 2.461645 2.955677 -2.697374 1.000000
1.000000 2.137290 0.999395 4.568009 0.998790 2.135996 1.000000
1.000000 1.974058 -0.909426 3.896905 0.827056 -1.795260 1.000000
1.000000 0.835814 -0.334803 0.698585 0.112093 -0.279833 1.000000
1.000000 0.377647 -0.700439 0.142617 0.490615 -0.264519 1.000000
1.000000 -0.537496 0.094542 0.288902 0.008938 -0.050816 1.000000
1.000000 0.153641 0.661681 0.023606 0.437822 0.101661 1.000000
1.000000 3.465959 1.646603 12.012875 2.711302 5.707060 1.000000
1.000000 1.497400 -2.548299 2.242206 6.493827 -3.815823 1.000000
1.000000 6.877933 -1.973412 47.305959 3.894356 -13.572997 1.000000
1.000000 -0.515740 0.487063 0.265987 0.237230 -0.251197 1.000000
1.000000 4.247677 1.930351 18.042763 3.726255 8.199508 1.000000
1.000000 -0.598208 -1.417508 0.357853 2.009330 0.847965 1.000000
1.000000 -1.426469 1.772018 2.034812 3.140049 -2.527728 1.000000
1.000000 -0.089169 -0.639261 0.007951 0.408654 0.057003 1.000000
1.000000 3.865295 -0.943459 14.940507 0.890116 -3.646749 1.000000
1.000000 4.485226 -1.736462 20.117256 3.015300 -7.788425 1.000000
1.000000 3.281957 1.125259 10.771240 1.266208 3.693052 1.000000
1.000000 9.393925 -3.391866 88.245828 11.504758 -31.862939 1.000000
1.000000 2.559819 0.476757 6.552671 0.227297 1.220412 1.000000
1.000000 -0.073970 -1.204383 0.005472 1.450539 0.089088 1.000000
1.000000 0.287001 0.524482 0.082370 0.275082 0.150527 1.000000
1.000000 4.836311 -2.429443 23.389908 5.902191 -11.749541 1.000000
1.000000 2.158599 -1.676677 4.659549 2.811247 -3.619274 1.000000
1.000000 2.002237 1.499511 4.008953 2.248533 3.002377 1.000000
1.000000 -0.881629 -1.148627 0.777270 1.319344 1.012663 1.000000
1.000000 0.384075 -1.012410 0.147514 1.024974 -0.388841 1.000000
1.000000 3.695124 -0.276052 13.653940 0.076205 -1.020047 -1.000000
1.000000 4.128885 -0.139176 17.047692 0.019370 -0.574642 -1.000000
1.000000 4.346379 0.486590 18.891009 0.236770 2.114906 -1.000000
1.000000 3.780400 0.324701 14.291423 0.105431 1.227500 -1.000000
1.000000 3.629286 0.503227 13.171720 0.253237 1.826354 -1.000000
1.000000 4.369369 -0.316696 19.091389 0.100297 -1.383764 -1.000000
1.000000 4.165503 0.628912 17.351411 0.395530 2.619734 -1.000000
1.000000 3.804212 -0.078558 14.472029 0.006171 -0.298852 -1.000000
1.000000 4.024573 -0.407823 16.197192 0.166320 -1.641315 -1.000000
1.000000 4.068306 0.397797 16.551114 0.158243 1.618361 -1.000000
1.000000 4.505362 0.274657 20.298283 0.075436 1.237429 -1.000000
1.000000 4.257615 0.836153 18.127288 0.699152 3.560017 -1.000000
1.000000 4.215786 0.221876 17.772848 0.049229 0.935381 -1.000000
1.000000 4.164720 0.447979 17.344895 0.200685 1.865707 -1.000000
1.000000 3.744952 0.051834 14.024665 0.002687 0.194117 -1.000000
1.000000 3.037678 0.243559 9.227487 0.059321 0.739853 -1.000000
1.000000 4.007771 0.719693 16.062229 0.517958 2.884366 -1.000000
1.000000 4.357752 -0.246380 18.989999 0.060703 -1.073665 -1.000000
1.000000 3.355888 -1.104774 11.261984 1.220526 -3.707498 -1.000000
1.000000 3.792470 -0.086232 14.382831 0.007436 -0.327034 -1.000000
1.000000 4.906616 -0.038827 24.074877 0.001508 -0.190511 -1.000000
1.000000 3.740681 0.300888 13.992693 0.090534 1.125527 -1.000000
1.000000 3.725003 -0.351386 13.875645 0.123472 -1.308914 -1.000000
1.000000 3.437359 0.475969 11.815436 0.226546 1.636075 -1.000000
1.000000 4.464926 -0.055396 19.935566 0.003069 -0.247338 -1.000000
1.000000 3.742840 -0.020960 14.008854 0.000439 -0.078449 -1.000000
1.000000 2.470626 0.097053 6.103995 0.009419 0.239782 -1.000000
1.000000 4.527725 0.112899 20.500293 0.012746 0.511177 -1.000000
1.000000 3.792085 0.518703 14.379910 0.269053 1.966966 -1.000000
1.000000 4.539148 -0.577439 20.603864 0.333435 -2.621079 -1.000000
1.000000 4.226153 -0.042405 17.860368 0.001798 -0.179209 -1.000000
1.000000 4.413400 -0.112404 19.478101 0.012635 -0.496086 -1.000000
1.000000 4.414305 -0.042872 19.486086 0.001838 -0.189252 -1.000000
1.000000 3.674650 -0.274828 13.503049 0.075530 -1.009895 -1.000000
1.000000 4.014636 0.611956 16.117299 0.374491 2.456782 -1.000000
1.000000 4.630884 -0.083314 21.445084 0.006941 -0.385817 -1.000000
1.000000 4.337772 0.258301 18.816264 0.066719 1.120451 -1.000000
1.000000 4.008906 0.468610 16.071331 0.219595 1.878612 -1.000000
1.000000 4.026666 -0.110411 16.214039 0.012191 -0.444590 -1.000000
1.000000 4.491493 -0.633875 20.173514 0.401798 -2.847046 -1.000000
1.000000 4.072046 1.015315 16.581560 1.030865 4.134410 -1.000000
1.000000 3.700477 -0.889714 13.693529 0.791591 -3.292367 -1.000000
1.000000 4.632470 -0.192555 21.459778 0.037077 -0.892005 -1.000000
1.000000 4.268957 0.420591 18.223990 0.176896 1.795483 -1.000000
1.000000 3.461130 -0.146553 11.979422 0.021478 -0.507238 -1.000000
1.000000 4.273302 -0.222094 18.261113 0.049326 -0.949073 -1.000000
1.000000 5.364805 -0.349425 28.781128 0.122098 -1.874598 -1.000000
1.000000 4.287840 -0.107853 18.385569 0.011632 -0.462457 -1.000000
1.000000 3.869425 0.464577 14.972447 0.215832 1.797645 -1.000000
1.000000 3.901438 0.818119 15.221217 0.669318 3.191839 -1.000000
