6.72410107 3.04478391 1.        
 1.397231   -1.18892256  1.        
1.54584057 1.65238325 1.        
-0.46484265 -0.186403    1.        
 2.87549785 -0.99182046  1.        
5.70863513 1.98699627 1.        
-0.54814787  0.06992532  1.        
0.69300482 0.32040467 1.        
-0.39379517  1.51666047  1.        
 0.57797455 -1.16671684  1.        
-0.23711777  1.85453695  1.        
-0.28897637 -0.26824038  1.        
6.30203505 0.90707118 1.        
2.79790282 1.69422077 1.        
1.82307654 1.02742124 1.        
-1.17827828  0.06357802  1.        
4.76347736 3.13114928 1.        
2.94045078 1.47739638 1.        
-0.82179201 -0.46443434  1.        
 1.49598232 -1.85985426  1.        
-0.32572292 -0.46492297  1.        
-1.02181809  1.04809581  1.        
0.7783586  1.21170732 1.        
 9.26519076 -2.67784055  1.        
 4.65577558 -2.95270818  1.        
3.17910801 2.27470379 1.        
2.70264118 1.31439868 1.        
-0.08027302 -0.06525898  1.        
-0.94503827  1.19418961  1.        
0.55882091 0.31132138 1.        
2.28787045 2.11908678 1.        
-0.5681899  -0.10043788  1.        
 4.99295353 -2.40379308  1.        
1.70005449 1.67697795 1.        
 0.61814687 -0.40409173  1.        
 0.54774384 -0.85567938  1.        
 2.22655381 -2.60219839  1.        
-1.63380855  0.31033739  1.        
 0.7528638  -1.89070952  1.        
1.99483045 0.71708055 1.        
-0.28756396 -0.38173942  1.        
8.97246435 3.18104997 1.        
-0.25305855 -0.18461232  1.        
 2.18844561 -0.10785757  1.        
11.50551712  2.82537668  1.        
0.64226227 1.85641458 1.        
0.47101882 0.44491683 1.        
 1.75383966 -0.7975841   1.        
-0.09534033  0.5581756   1.        
 0.72347191 -1.57116417  1.        
 2.86647204 -1.44688275  1.        
 4.88751739 -1.74969964  1.        
 1.31026488 -1.92373882  1.        
 8.58241209 -3.64865918  1.        
 0.204448   -1.13361268  1.        
3.32112317 1.86451333 1.        
1.1179201 1.1440831 1.       
4.80939486 1.78538252 1.        
-0.24496225  2.48590912  1.        
 3.21768128 -1.54100472  1.        
-0.81386664  0.33488067  1.        
 1.14652815 -0.00804389  1.        
 0.30769021 -0.15237034  1.        
2.68017087 1.46901007 1.        
 1.39234269 -1.32864184  1.        
2.07521719 1.40897354 1.        
4.3082652  1.35690264 1.        
 7.05973384 -1.24280814  1.        
 0.79409369 -1.07457192  1.        
0.76356567 0.6860513  1.        
0.03322023 0.02148903 1.        
0.08240249 0.21379463 1.        
5.32794869 1.83638321 1.        
 2.4052432  -2.07181644  1.        
3.23648612 1.44262817 1.        
-0.1119186  -0.44717079  1.        
 0.79464563 -1.73413925  1.        
0.25303069 0.56489726 1.        
6.06423706 2.9274334  1.        
-0.94340757 -1.47307303  1.        
 1.75300928 -1.4311535   1.        
0.63784397 1.54475189 1.        
2.19783899 1.45191637 1.        
 0.63976783 -1.55251318  1.        
 0.24542055 -0.61641366  1.        
0.20242552 0.39012667 1.        
-1.6307947   0.97919138  1.        
-1.20092126  0.50242482  1.        
 0.86645406 -1.99669356  1.        
 5.66047642 -1.12748593  1.        
2.25583281 1.57769127 1.        
0.27496831 0.09044839 1.        
 1.11976509 -0.25096766  1.        
2.26286769 1.50475762 1.        
5.02811084 1.58404043 1.        
10.46643682 -4.31260244  1.        
3.6727738  1.86026682 1.        
0.64077018 1.11592224 1.        
 0.95223935 -0.91253064  1.        
 0.58402575 -0.22155469  1.        
1.41445142 1.56229736 1.        
3.47073123 2.57916224 1.        
 5.77054284 -2.35793591  1.        
0.05140322 0.25229966 1.        
3.49983109 2.29222583 1.        
5.07041358 1.52197873 1.        
-0.34291863  0.12622196  1.        
 0.86774269 -0.08002172  1.        
11.99805594 -3.16711786  1.        
 5.76577533 -2.81440177  1.        
 0.04145252 -0.7617177   1.        
1.12907645 0.49585454 1.        
-0.60529503  1.16927821  1.        
 1.98684341 -0.74370231  1.        
 5.53115642 -2.73353192  1.        
 0.30875334 -1.64398358  1.        
-1.49729218 -0.2230768   1.        
0.82069355 0.88740827 1.        
 1.33246485 -0.35446667  1.        
2.96140191 0.79993983 1.        
2.01353711 1.54773279 1.        
2.75183123 1.45439016 1.        
 2.01784754 -1.05676846  1.        
 1.56896311 -1.71920823  1.        
2.13729009 0.9993947  1.        
 1.97405804 -0.90942613  1.        
 0.83581409 -0.33480285  1.        
 0.37764719 -0.7004392   1.        
-0.53749595  0.09454202  1.        
0.15364103 0.66168138 1.        
3.46595944 1.64660325 1.        
 1.4973999  -2.54829893  1.        
 6.87793277 -1.97341224  1.        
-0.51573951  0.4870627   1.        
4.24767739 1.93035098 1.        
-0.59820777 -1.41750846  1.        
-1.42646853  1.77201823  1.        
-0.08916948 -0.63926068  1.        
 3.86529524 -0.94345942  1.        
 4.48522639 -1.73646187  1.        
3.2819567 1.1252593 1.       
 9.39392507 -3.39186647  1.        
2.55981859 0.47675726 1.        
-0.07396962 -1.20438338  1.        
0.28700149 0.52448234 1.        
 4.83631142 -2.42944255  1.        
 2.15859884 -1.67667725  1.        
2.00223697 1.49951108 1.        
-0.88162906 -1.14862708  1.        
 0.38407504 -1.01241018  1.        
 3.69512383 -0.27605223 -1.        
 4.12888503 -0.13917613 -1.        
 4.34637885  0.48659035 -1.        
 3.7803999   0.32470098 -1.        
 3.62928648  0.50322664 -1.        
 4.36936944 -0.31669647 -1.        
 4.16550251  0.62891195 -1.        
 3.80421197 -0.07855819 -1.        
 4.0245735  -0.40782337 -1.        
 4.06830605  0.39779724 -1.        
 4.50536154  0.27465702 -1.        
 4.25761524  0.83615282 -1.        
 4.21578562  0.22187585 -1.        
 4.16472033  0.44797898 -1.        
 3.74495196  0.05183427 -1.        
 3.03767788  0.2435589  -1.        
 4.00777112  0.71969331 -1.        
 4.35775156 -0.24638045 -1.        
 3.35588793 -1.10477416 -1.        
 3.79247033 -0.0862324  -1.        
 4.90661562 -0.03882738 -1.        
 3.7406808   0.30088826 -1.        
 3.72500265 -0.35138598 -1.        
 3.43735881  0.47596855 -1.        
 4.46492624 -0.0553958  -1.        
 3.7428404  -0.02095988 -1.        
 2.47062643  0.09705304 -1.        
 4.52772492  0.11289927 -1.        
 3.79208517  0.51870289 -1.        
 4.53914796 -0.57743851 -1.        
 4.22615291 -0.04240487 -1.        
 4.41340017 -0.11240438 -1.        
 4.41430468 -0.04287248 -1.        
 3.67464957 -0.27482756 -1.        
 4.01463566  0.61195641 -1.        
 4.63088375 -0.08331397 -1.        
 4.3377718   0.25830102 -1.        
 4.00890647  0.46860953 -1.        
 4.02666599 -0.11041134 -1.        
 4.49149349 -0.63387521 -1.        
 4.07204619  1.01531512 -1.        
 3.70047683 -0.88971423 -1.        
 4.63247002 -0.19255501 -1.        
 4.26895653  0.42059055 -1.        
 3.46113014 -0.14655279 -1.        
 4.27330234 -0.22209365 -1.        
 5.36480459 -0.34942529 -1.        
 4.28783964 -0.10785304 -1.        
 3.86942469  0.46457692 -1.        
 3.90143778  0.81811873 -1.        
